010101
020202
030303
040404
050505
060606
070707
080808
090909
101010
111111
121212
131313
141414
151515
161616
171717
181818
191919
202020
212121
222222
232323
242424
252525
262626
272727
282828
292929
303030
313131
323232
333333
343434
353535
363636
373737
383838
393939
404040
010101
020202
030303
040404
050505
060606
070707
080808
090909
101010
111111
121212
131313
141414
151515
161616
171717
181818
191919
202020
010101
020202
030303
040404
050505
060606
070707
080808
090909
101010
111111
121212
131313
141414
151515
161616
